[app/ui]
version = 7.2.4
modtime = 1555955552.756920000

[app/launcher]
version = 7.2.4
modtime = 1555955552.759045000

[views/pts_example]
owner = admin
version = 7.2.4
modtime = 1556080051.155508000
